0	9	26	24	10	13	27	16	19	13
9	0	21	19	1	3	18	19	23	14
26	21	0	3	20	23	16	41	43	36
24	19	3	0	18	19	13	39	41	34
10	1	20	18	0	4	17	22	25	16
13	3	23	19	4	0	16	21	25	15
27	18	16	13	17	16	0	35	41	30
16	19	41	39	22	21	35	0	5	5
19	23	43	41	25	25	41	5	0	11
13	14	36	34	16	15	30	5	11	0